2 0.352006 0.652152 0.058466 0.0803661
2 0.490762 0.551411 0.0510663 0.0682366
2 0.321225 0.923981 0.0712562 0.10603
2 0.416006 0.720768 0.0644018 0.104427
2 0.553435 0.529552 0.0428521 0.0587953
2 0.53686 0.652241 0.0488108 0.0624648
2 0.626816 0.410906 0.0359166 0.0474282
2 0.464498 0.303993 0.0265705 0.0386543
2 0.526817 0.728256 0.0566997 0.0776182
2 0.883173 0.593003 0.0680119 0.0727768
2 0.475749 0.854317 0.081144 0.189199
2 0.433894 0.426155 0.0414617 0.0691008
5 0.475423 0.854023 0.0797279 0.188294
