2 0.400026 0.700026 0.072485 0.0908378
2 0.236768 0.931639 0.115471 0.0981674
2 0.356153 0.778044 0.0871095 0.10266
2 0.45239 0.61022 0.0562396 0.0680123
2 0.412551 0.827704 0.082699 0.102714
2 0.515761 0.840631 0.0692082 0.0996382
2 0.680462 0.665358 0.0547632 0.079055
2 0.566469 0.717022 0.0589411 0.08584
2 0.463068 0.951233 0.0787996 0.0590621
2 0.6976 0.550162 0.045978 0.0719458
2 0.634038 0.867211 0.0712147 0.0961178
2 0.486396 0.674563 0.0737861 0.0911086
2 0.504114 0.502194 0.0543132 0.085036
2 0.638363 0.828245 0.0666851 0.118325
2 0.666042 0.745559 0.05354 0.103527
2 0.405373 0.837385 0.0674084 0.0855872
2 0.536259 0.59112 0.0615137 0.0772803
2 0.55714 0.354726 0.0349614 0.0594676
2 0.530947 0.418965 0.0426373 0.0702517
2 0.563052 0.529569 0.0431475 0.0591226
2 0.611841 0.593384 0.0444345 0.0628019
2 0.621718 0.538153 0.0451362 0.0663677
2 0.587761 0.647921 0.0529892 0.0704455
