2 0.556315 0.910625 0.0651443 0.110108
2 0.451477 0.824521 0.0616489 0.0840041
2 0.578771 0.817892 0.0682228 0.105516
2 0.45368 0.653754 0.0569539 0.0883032
2 0.326602 0.733968 0.0668145 0.0819145
2 0.412309 0.572208 0.0480022 0.0716527
2 0.600658 0.679902 0.0446873 0.0787219
2 0.484606 0.587924 0.0440275 0.0632659
2 0.506368 0.514651 0.0442316 0.0690413
2 0.504304 0.745317 0.0586601 0.0792403
2 0.505656 0.729633 0.060549 0.109896
2 0.446662 0.489038 0.0399293 0.0530523
2 0.354679 0.672713 0.0550556 0.0719466
2 0.537504 0.649306 0.0454195 0.0795041
