2 0.668672 0.937493 0.0729227 0.0844271
2 0.616881 0.712458 0.0391649 0.0611619
2 0.529361 0.687487 0.0376341 0.0597293
2 0.71961 0.775839 0.0545879 0.0869554
2 0.632024 0.643746 0.0355681 0.0453705
2 0.537362 0.505712 0.0213011 0.0255936
2 0.604366 0.830641 0.0423497 0.059254
2 0.672904 0.718064 0.0393411 0.0574185
2 0.706745 0.878886 0.0394708 0.0551145
2 0.783998 0.889821 0.0536558 0.0748133
2 0.578523 0.63227 0.0289409 0.0445368
2 0.6059 0.608651 0.0281212 0.039365
2 0.570011 0.733244 0.0297264 0.0437003
2 0.587094 0.785478 0.05623 0.0792714
2 0.695958 0.857301 0.0619026 0.0954183
2 0.592526 0.803426 0.066246 0.112492
2 0.69715 0.875605 0.0577471 0.0597826
